image_width: 640
image_height: 480
camera_name: rgb_PS1080_PrimeSense
camera_matrix:
  rows: 3
  cols: 3
  data: [545.8272370948889, 0, 326.1735953334277, 0, 547.2164394487495, 248.9640330605756, 0, 0, 1]
distortion_model: plumb_bob
distortion_coefficients:
  rows: 1
  cols: 5
  data: [0.04389758404783849, -0.1180320264462129, 0.001687170260007322, 0.003162266963176801, 0]
rectification_matrix:
  rows: 3
  cols: 3
  data: [1, 0, 0, 0, 1, 0, 0, 0, 1]
projection_matrix:
  rows: 3
  cols: 4
  data: [546.2730102539062, 0, 328.1799412000328, 0, 0, 549.931884765625, 249.6017137792805, 0, 0, 0, 1, 0]